<<<<<<< HEAD
00  01  00  78
00  02  00  64
00	00	FF	FF	00	00	00	00	00	00
00	00	FF	FF	00	00	00	00	00	00
00	00	FF	FF	00	00	00	00	00	00
00	00	FF	FF	00	00	00	00	00	00
00	00	FF	FF	00	00	00	00	00	00
00	00	FF	FF	00	00	00	00	00	00
00	00	FF	FF	00	00	00	00	00	00
00	00	FF	FF	00	00	00	00	00	00
00	00	FF	FF	00	00	00	00	00	00
00	00	FF	FF	00	00	00	00	00	00
00	00	FF	FF	00	00	00	00	00	00
00	00	FF	FF	00	00	00	00	00	00
00	00	FF	FF	00	00	00	00	00	00
00	00	FF	FF	00	00	00	00	00	00
00	00	FF	FF	00	00	00	00	00	00
00	00	FF	FF	00	00	00	00	00	00
00	00	FF	FF	00	00	00	00	00	00
00	00	FF	FF	00	00	00	00	00	00
00	00	FF	FF	00	00	00	00	00	00
00	00	FF	FF	00	00	00	00	00	00
00	00	FF	FF	00	00	00	00	00	00
00	00	FF	FF	8F	02	00	00	00	00
00	00	FF	FF	1F	05	00	00	00	00
00	00	FF	FF	AE	07	00	00	00	00
00	00	FF	FF	3D	0A	00	00	00	00
00	00	FF	FF	CD	0C	00	00	00	00
00	00	FF	FF	5C	0F	00	00	00	00
00	00	FF	FF	EB	11	00	00	00	00
00	00	FF	FF	7B	14	00	00	00	00
00	00	FF	FF	0A	17	00	00	00	00
00	00	FF	FF	9A	19	00	00	00	00
00	00	FF	FF	29	1C	00	00	00	00
00	00	FF	FF	B8	1E	00	00	00	00
00	00	FF	FF	48	21	00	00	00	00
00	00	FF	FF	D7	23	00	00	00	00
00	00	FF	FF	66	26	00	00	00	00
00	00	FF	FF	F6	28	00	00	00	00
00	00	FF	FF	85	2B	00	00	00	00
00	00	FF	FF	14	2E	00	00	00	00
00	00	FF	FF	A4	30	00	00	00	00
00	00	FF	FF	33	33	00	00	00	00
00	00	FF	FF	C2	35	00	00	00	00
00	00	FF	FF	52	38	00	00	00	00
00	00	FF	FF	E1	3A	00	00	00	00
00	00	FF	FF	70	3D	00	00	00	00
00	00	FF	FF	00	40	00	00	00	00
00	00	FF	FF	8F	42	00	00	00	00
00	00	FF	FF	1E	45	00	00	00	00
00	00	FF	FF	AE	47	00	00	00	00
00	00	FF	FF	3D	4A	00	00	00	00
00	00	FF	FF	CD	4C	00	00	00	00
00	00	FF	FF	5C	4F	00	00	00	00
00	00	FF	FF	EB	51	00	00	00	00
00	00	FF	FF	7B	54	00	00	00	00
00	00	FF	FF	0A	57	00	00	00	00
00	00	FF	FF	99	59	00	00	00	00
00	00	FF	FF	29	5C	00	00	00	00
00	00	FF	FF	B8	5E	00	00	00	00
00	00	FF	FF	47	61	00	00	00	00
00	00	FF	FF	D7	63	00	00	00	00
00	00	FF	FF	66	66	00	00	00	00
00	00	FF	FF	F5	68	00	00	00	00
00	00	FF	FF	85	6B	00	00	00	00
00	00	FF	FF	14	6E	00	00	00	00
00	00	FF	FF	A3	70	00	00	00	00
00	00	FF	FF	33	73	00	00	00	00
00	00	FF	FF	C2	75	00	00	00	00
00	00	FF	FF	51	78	00	00	00	00
00	00	FF	FF	E1	7A	00	00	00	00
00	00	FF	FF	70	7D	00	00	00	00
00	00	FF	FF	00	80	00	00	00	00
00	00	FF	FF	8F	82	00	00	00	00
00	00	FF	FF	1E	85	00	00	00	00
00	00	FF	FF	AE	87	00	00	00	00
00	00	FF	FF	3D	8A	00	00	00	00
00	00	FF	FF	CC	8C	00	00	00	00
00	00	FF	FF	5C	8F	00	00	00	00
00	00	FF	FF	EB	91	00	00	00	00
00	00	FF	FF	7A	94	00	00	00	00
00	00	FF	FF	0A	97	00	00	00	00
00	00	FF	FF	99	99	00	00	00	00
00	00	FF	FF	28	9C	00	00	00	00
00	00	FF	FF	B8	9E	00	00	00	00
00	00	FF	FF	47	A1	00	00	00	00
00	00	FF	FF	D6	A3	00	00	00	00
00	00	FF	FF	66	A6	00	00	00	00
00	00	FF	FF	F5	A8	00	00	00	00
00	00	FF	FF	85	AB	00	00	00	00
00	00	FF	FF	14	AE	00	00	00	00
00	00	FF	FF	A3	B0	00	00	00	00
00	00	FF	FF	33	B3	00	00	00	00
00	00	FF	FF	C2	B5	00	00	00	00
00	00	FF	FF	51	B8	00	00	00	00
00	00	FF	FF	E1	BA	00	00	00	00
00	00	FF	FF	70	BD	00	00	00	00
00	00	FF	FF	FF	BF	00	00	00	00
00	00	FF	FF	8F	C2	00	00	00	00
00	00	FF	FF	1E	C5	00	00	00	00
00	00	FF	FF	AD	C7	00	00	00	00
00	00	FF	FF	3D	CA	00	00	00	00
00	00	FF	FF	CC	CC	00	00	00	00
00	00	FF	FF	5B	CF	00	00	00	00
00	00	FF	FF	EB	D1	00	00	00	00
00	00	FF	FF	7A	D4	00	00	00	00
00	00	FF	FF	09	D7	00	00	00	00
00	00	FF	FF	99	D9	00	00	00	00
00	00	FF	FF	28	DC	00	00	00	00
00	00	FF	FF	B8	DE	00	00	00	00
00	00	FF	FF	47	E1	00	00	00	00
00	00	FF	FF	D6	E3	00	00	00	00
00	00	FF	FF	66	E6	00	00	00	00
00	00	FF	FF	F5	E8	00	00	00	00
00	00	FF	FF	84	EB	00	00	00	00
00	00	FF	FF	14	EE	00	00	00	00
00	00	FF	FF	A3	F0	00	00	00	00
00	00	FF	FF	32	F3	00	00	00	00
00	00	FF	FF	C2	F5	00	00	00	00
00	00	FF	FF	51	F8	00	00	00	00
00	00	FF	FF	E0	FA	00	00	00	00
00	00	FF	FF	70	FD	00	00	00	00
00	00	FF	FF	00	00	00	00	00	00
00	00	FF	FF	8F	02	00	00	00	00
00	00	FF	FF	1F	05	00	00	00	00
00	00	FF	FF	AE	07	00	00	00	00
00	00	FF	FF	3D	0A	00	00	00	00
00	00	FF	FF	CD	0C	00	00	00	00
00	00	FF	FF	5C	0F	00	00	00	00
00	00	FF	FF	EB	11	00	00	00	00
00	00	FF	FF	7B	14	00	00	00	00
00	00	FF	FF	0A	17	00	00	00	00
00	00	FF	FF	9A	19	00	00	00	00
00	00	FF	FF	29	1C	00	00	00	00
00	00	FF	FF	B8	1E	00	00	00	00
00	00	FF	FF	48	21	00	00	00	00
00	00	FF	FF	D7	23	00	00	00	00
00	00	FF	FF	66	26	00	00	00	00
00	00	FF	FF	F6	28	00	00	00	00
00	00	FF	FF	85	2B	00	00	00	00
00	00	FF	FF	14	2E	00	00	00	00
00	00	FF	FF	A4	30	00	00	00	00
00	00	FF	FF	33	33	00	00	00	00
00	00	FF	FF	C2	35	00	00	00	00
00	00	FF	FF	52	38	00	00	00	00
00	00	FF	FF	E1	3A	00	00	00	00
00	00	FF	FF	70	3D	00	00	00	00
00	00	FF	FF	00	40	00	00	00	00
00	00	FF	FF	00	00	00	00	00	00
00	00	FF	FF	00	00	00	00	00	00
00	00	FF	FF	00	00	00	00	00	00
00	00	FF	FF	00	00	00	00	00	00
00	00	FF	FF	00	00	00	00	00	00
00	00	FF	FF	00	00	00	00	00	00
00	00	00	00	00	00	00	00	00	00
00	00	FA	00	00	00	00	00	00	00
00	00	F4	01	00	00	00	00	00	00
00	00	EE	02	00	00	00	00	00	00
00	00	E8	03	00	00	00	00	00	00
00	00	E2	04	00	00	00	00	00	00
00	00	DC	05	00	00	00	00	00	00
00	00	D6	06	00	00	00	00	00	00
00	00	D0	07	00	00	00	00	00	00
00	00	CA	08	00	00	00	00	00	00
00	00	C4	09	00	00	00	00	00	00
00	00	BE	0A	00	00	00	00	00	00
00	00	B8	0B	00	00	00	00	00	00
00	00	B2	0C	00	00	00	00	00	00
00	00	AC	0D	00	00	00	00	00	00
00	00	A6	0E	00	00	00	00	00	00
00	00	A0	0F	00	00	00	00	00	00
00	00	9A	10	00	00	00	00	00	00
00	00	94	11	00	00	00	00	00	00
00	00	8E	12	00	00	00	00	00	00
00	00	88	13	00	00	00	00	00	00
00	00	82	14	00	00	00	00	00	00
00	00	7C	15	00	00	00	00	00	00
00	00	76	16	00	00	00	00	00	00
00	00	70	17	00	00	00	00	00	00
00	00	6A	18	00	00	00	00	00	00
00	00	64	19	00	00	00	00	00	00
00	00	5E	1A	00	00	00	00	00	00
00	00	58	1B	00	00	00	00	00	00
00	00	52	1C	00	00	00	00	00	00
00	00	4C	1D	00	00	00	00	00	00
00	00	46	1E	00	00	00	00	00	00
00	00	40	1F	00	00	00	00	00	00
00	00	00	00	00	00	00	00	00	00
00	00	FA	00	00	00	00	00	00	00
00	00	F4	01	00	00	00	00	00	00
00	00	EE	02	00	00	00	00	00	00
00	00	E8	03	00	00	00	00	00	00
00	00	E2	04	00	00	00	00	00	00
00	00	DC	05	00	00	00	00	00	00
00	00	D6	06	00	00	00	00	00	00
00	00	D0	07	00	00	00	00	00	00
00	00	CA	08	00	00	00	00	00	00
00	00	C4	09	00	00	00	00	00	00
00	00	BE	0A	00	00	00	00	00	00
00	00	B8	0B	00	00	00	00	00	00
00	00	B2	0C	00	00	00	00	00	00
00	00	AC	0D	00	00	00	00	00	00
00	00	A6	0E	00	00	00	00	00	00
00	00	A0	0F	00	00	00	00	00	00
00	00	9A	10	00	00	00	00	00	00
00	00	94	11	00	00	00	00	00	00
00	00	8E	12	00	00	00	00	00	00
00	00	88	13	00	00	00	00	00	00
00	00	82	14	00	00	00	00	00	00
00	00	7C	15	00	00	00	00	00	00
00	00	76	16	00	00	00	00	00	00
00	00	70	17	00	00	00	00	00	00
00	00	6A	18	00	00	00	00	00	00
00	00	64	19	00	00	00	00	00	00
00	00	5E	1A	00	00	00	00	00	00
00	00	58	1B	00	00	00	00	00	00
00	00	52	1C	00	00	00	00	00	00
00	00	4C	1D	00	00	00	00	00	00
00	00	46	1E	00	00	00	00	00	00
00	00	40	1F	00	00	00	00	00	00
00	00	00	00	00	00	00	00	00	00
00	00	FA	00	00	00	00	00	00	00
00	00	F4	01	00	00	00	00	00	00
00	00	EE	02	00	00	00	00	00	00
00	00	E8	03	00	00	00	00	00	00
00	00	E2	04	00	00	00	00	00	00
00	00	DC	05	00	00	00	00	00	00
00	00	D6	06	00	00	00	00	00	00
00	00	D0	07	00	00	00	00	00	00
00	00	CA	08	00	00	00	00	00	00
00	00	C4	09	00	00	00	00	00	00
00	00	BE	0A	00	00	00	00	00	00
00	00	B8	0B	00	00	00	00	00	00
00	00	B2	0C	00	00	00	00	00	00
00	00	AC	0D	00	00	00	00	00	00
00	00	A6	0E	00	00	00	00	00	00
00	00	A0	0F	00	00	00	00	00	00
00	00	9A	10	00	00	00	00	00	00
00	00	94	11	00	00	00	00	00	00
00	00	8E	12	00	00	00	00	00	00
00	00	FF	FF	00	00	00	00	00	00
00	00	FF	FF	00	00	00	00	00	00
00	00	FF	FF	00	00	00	00	00	00
00	00	FF	FF	00	00	00	00	00	00
00	00	FF	FF	00	00	00	00	00	00
00	00	FF	FF	00	00	00	00	00	00
00	00	FF	FF	00	00	00	00	00	00
00	00	FF	FF	00	00	00	00	00	00
00	00	FF	FF	00	00	00	80	00	00
00	00	FF	FF	00	00	48	81	00	00
00	00	FF	FF	00	00	8F	82	00	00
00	00	FF	FF	00	00	D7	83	00	00
00	00	FF	FF	00	00	1F	85	00	00
00	00	FF	FF	00	00	66	86	00	00
00	00	FF	FF	00	00	AE	87	00	00
00	00	FF	FF	00	00	F6	88	00	00
00	00	FF	FF	00	00	3D	8A	00	00
00	00	FF	FF	00	00	85	8B	00	00
00	00	FF	FF	00	00	CD	8C	00	00
00	00	FF	FF	00	00	14	8E	00	00
00	00	FF	FF	00	00	5C	8F	00	00
00	00	FF	FF	00	00	A4	90	00	00
00	00	FF	FF	00	00	EB	91	00	00
00	00	FF	FF	00	00	33	93	00	00
00	00	FF	FF	00	00	7B	94	00	00
00	00	FF	FF	00	00	C2	95	00	00
00	00	FF	FF	00	00	0A	97	00	00
00	00	FF	FF	00	00	52	98	00	00
00	00	FF	FF	00	00	9A	99	00	00
00	00	FF	FF	00	00	E1	9A	00	00
00	00	FF	FF	00	00	29	9C	00	00
00	00	FF	FF	00	00	71	9D	00	00
00	00	FF	FF	00	00	B8	9E	00	00
00	00	FF	FF	00	00	00	A0	00	00
00	00	FF	FF	00	00	48	A1	00	00
00	00	FF	FF	00	00	8F	A2	00	00
00	00	FF	FF	00	00	D7	A3	00	00
00	00	FF	FF	00	00	1F	A5	00	00
00	00	FF	FF	00	00	66	A6	00	00
00	00	FF	FF	00	00	AE	A7	00	00
00	00	FF	FF	00	00	F6	A8	00	00
00	00	FF	FF	00	00	3D	AA	00	00
00	00	FF	FF	00	00	85	AB	00	00
00	00	FF	FF	00	00	CD	AC	00	00
00	00	FF	FF	00	00	14	AE	00	00
00	00	FF	FF	00	00	5C	AF	00	00
00	00	FF	FF	00	00	A4	B0	00	00
00	00	FF	FF	00	00	EB	B1	00	00
00	00	FF	FF	00	00	33	B3	00	00
00	00	FF	FF	00	00	7B	B4	00	00
00	00	FF	FF	00	00	C2	B5	00	00
00	00	FF	FF	00	00	0A	B7	00	00
00	00	FF	FF	00	00	52	B8	00	00
00	00	FF	FF	00	00	99	B9	00	00
00	00	FF	FF	00	00	E1	BA	00	00
00	00	FF	FF	00	00	29	BC	00	00
00	00	FF	FF	00	00	70	BD	00	00
00	00	FF	FF	00	00	B8	BE	00	00
00	00	FF	FF	00	00	00	C0	00	00
00	00	FF	FF	00	00	47	C1	00	00
00	00	FF	FF	00	00	8F	C2	00	00
00	00	FF	FF	00	00	D7	C3	00	00
00	00	FF	FF	00	00	1E	C5	00	00
00	00	FF	FF	00	00	66	C6	00	00
00	00	FF	FF	00	00	AE	C7	00	00
00	00	FF	FF	00	00	F6	C8	00	00
00	00	FF	FF	00	00	3D	CA	00	00
00	00	FF	FF	00	00	85	CB	00	00
00	00	FF	FF	00	00	CD	CC	00	00
00	00	FF	FF	00	00	14	CE	00	00
00	00	FF	FF	00	00	5C	CF	00	00
00	00	FF	FF	00	00	A4	D0	00	00
00	00	FF	FF	00	00	EB	D1	00	00
00	00	FF	FF	00	00	33	D3	00	00
00	00	FF	FF	00	00	7B	D4	00	00
00	00	FF	FF	00	00	C2	D5	00	00
00	00	FF	FF	00	00	0A	D7	00	00
00	00	FF	FF	00	00	52	D8	00	00
00	00	FF	FF	00	00	99	D9	00	00
00	00	FF	FF	00	00	E1	DA	00	00
00	00	FF	FF	00	00	29	DC	00	00
00	00	FF	FF	00	00	70	DD	00	00
00	00	FF	FF	00	00	B8	DE	00	00
00	00	FF	FF	00	00	00	E0	00	00
00	00	FF	FF	00	00	47	E1	00	00
00	00	FF	FF	00	00	8F	E2	00	00
00	00	FF	FF	00	00	D7	E3	00	00
00	00	FF	FF	00	00	1E	E5	00	00
00	00	FF	FF	00	00	66	E6	00	00
00	00	FF	FF	00	00	AE	E7	00	00
00	00	FF	FF	00	00	F5	E8	00	00
00	00	FF	FF	00	00	3D	EA	00	00
00	00	FF	FF	00	00	85	EB	00	00
00	00	FF	FF	00	00	CC	EC	00	00
00	00	FF	FF	00	00	14	EE	00	00
00	00	FF	FF	00	00	5C	EF	00	00
00	00	FF	FF	00	00	A3	F0	00	00
00	00	FF	FF	00	00	EB	F1	00	00
00	00	FF	FF	00	00	33	F3	00	00
00	00	FF	FF	00	00	7A	F4	00	00
00	00	FF	FF	00	00	C2	F5	00	00
00	00	FF	FF	00	00	0A	F7	00	00
00	00	FF	FF	00	00	51	F8	00	00
00	00	FF	FF	00	00	99	F9	00	00
00	00	FF	FF	00	00	E1	FA	00	00
00	00	FF	FF	00	00	29	FC	00	00
00	00	FF	FF	00	00	70	FD	00	00
00	00	FF	FF	00	00	B8	FE	00	00
00	00	FF	FF	00	00	00	00	00	00
00	00	FF	FF	00	00	47	01	00	00
00	00	FF	FF	00	00	8F	02	00	00
00	00	FF	FF	00	00	D7	03	00	00
00	00	FF	FF	00	00	1E	05	00	00
00	00	FF	FF	00	00	66	06	00	00
00	00	FF	FF	00	00	AE	07	00	00
00	00	FF	FF	00	00	F5	08	00	00
00	00	FF	FF	00	00	3D	0A	00	00
00	00	FF	FF	00	00	85	0B	00	00
00	00	FF	FF	00	00	CC	0C	00	00
00	00	FF	FF	00	00	14	0E	00	00
00	00	FF	FF	00	00	5C	0F	00	00
00	00	FF	FF	00	00	A3	10	00	00
00	00	FF	FF	00	00	EB	11	00	00
00	00	FF	FF	00	00	33	13	00	00
00	00	FF	FF	00	00	7A	14	00	00
00	00	FF	FF	00	00	C2	15	00	00
00	00	FF	FF	00	00	0A	17	00	00
00	00	FF	FF	00	00	51	18	00	00
00	00	FF	FF	00	00	99	19	00	00
00	00	FF	FF	00	00	E1	1A	00	00
00	00	FF	FF	00	00	28	1C	00	00
00	00	FF	FF	00	00	70	1D	00	00
00	00	FF	FF	00	00	B8	1E	00	00
00	00	FF	FF	00	00	FF	1F	00	00
00	00	FF	FF	00	00	47	21	00	00
00	00	FF	FF	00	00	8F	22	00	00
00	00	FF	FF	00	00	D6	23	00	00
00	00	FF	FF	00	00	1E	25	00	00
00	00	FF	FF	00	00	66	26	00	00
00	00	FF	FF	00	00	AD	27	00	00
00	00	FF	FF	00	00	F5	28	00	00
00	00	FF	FF	00	00	3D	2A	00	00
00	00	FF	FF	00	00	85	2B	00	00
00	00	FF	FF	00	00	CC	2C	00	00
00	00	FF	FF	00	00	14	2E	00	00
00	00	FF	FF	00	00	5C	2F	00	00
00	00	FF	FF	00	00	A3	30	00	00
00	00	FF	FF	00	00	EB	31	00	00
00	00	FF	FF	00	00	33	33	00	00
00	00	FF	FF	00	00	7A	34	00	00
00	00	FF	FF	00	00	C2	35	00	00
00	00	FF	FF	00	00	0A	37	00	00
00	00	FF	FF	00	00	51	38	00	00
00	00	FF	FF	00	00	99	39	00	00
00	00	FF	FF	00	00	E1	3A	00	00
00	00	FF	FF	00	00	28	3C	00	00
00	00	FF	FF	00	00	70	3D	00	00
00	00	FF	FF	00	00	B8	3E	00	00
00	00	FF	FF	00	00	FF	3F	00	00
00	00	FF	FF	00	00	47	41	00	00
00	00	FF	FF	00	00	8F	42	00	00
00	00	FF	FF	00	00	D6	43	00	00
00	00	FF	FF	00	00	1E	45	00	00
00	00	FF	FF	00	00	66	46	00	00
00	00	FF	FF	00	00	AD	47	00	00
00	00	FF	FF	00	00	F5	48	00	00
00	00	FF	FF	00	00	3D	4A	00	00
00	00	FF	FF	00	00	84	4B	00	00
00	00	FF	FF	00	00	CC	4C	00	00
00	00	FF	FF	00	00	14	4E	00	00
00	00	FF	FF	00	00	5B	4F	00	00
00	00	FF	FF	00	00	A3	50	00	00
00	00	FF	FF	00	00	EB	51	00	00
00	00	FF	FF	00	00	32	53	00	00
00	00	FF	FF	00	00	7A	54	00	00
00	00	FF	FF	00	00	C2	55	00	00
00	00	FF	FF	00	00	09	57	00	00
00	00	FF	FF	00	00	51	58	00	00
00	00	FF	FF	00	00	99	59	00	00
00	00	FF	FF	00	00	E1	5A	00	00
00	00	FF	FF	00	00	28	5C	00	00
00	00	FF	FF	00	00	70	5D	00	00
00	00	FF	FF	00	00	B8	5E	00	00
00	00	FF	FF	00	00	FF	5F	00	00
00	00	FF	FF	00	00	47	61	00	00
00	00	FF	FF	00	00	8F	62	00	00
00	00	FF	FF	00	00	D6	63	00	00
00	00	FF	FF	00	00	1E	65	00	00
00	00	FF	FF	00	00	66	66	00	00
00	00	FF	FF	00	00	AD	67	00	00
00	00	FF	FF	00	00	F5	68	00	00
00	00	FF	FF	00	00	3D	6A	00	00
00	00	FF	FF	00	00	84	6B	00	00
00	00	FF	FF	00	00	CC	6C	00	00
00	00	FF	FF	00	00	14	6E	00	00
00	00	FF	FF	00	00	5B	6F	00	00
00	00	FF	FF	00	00	A3	70	00	00
00	00	FF	FF	00	00	EB	71	00	00
00	00	FF	FF	00	00	32	73	00	00
00	00	FF	FF	00	00	7A	74	00	00
00	00	FF	FF	00	00	C2	75	00	00
00	00	FF	FF	00	00	09	77	00	00
00	00	FF	FF	00	00	51	78	00	00
00	00	FF	FF	00	00	99	79	00	00
00	00	FF	FF	00	00	E0	7A	00	00
00	00	FF	FF	00	00	28	7C	00	00
00	00	FF	FF	00	00	70	7D	00	00
00	00	FF	FF	00	00	B7	7E	00	00
00	00	FF	FF	00	00	00	80	00	00
00	00	FF	FF	00	00	48	81	00	00
00	00	FF	FF	00	00	8F	82	00	00
00	00	FF	FF	00	00	D7	83	00	00
00	00	FF	FF	00	00	1F	85	00	00
00	00	FF	FF	00	00	66	86	00	00
00	00	FF	FF	00	00	AE	87	00	00
00	00	FF	FF	00	00	F6	88	00	00
00	00	FF	FF	00	00	3D	8A	00	00
00	00	FF	FF	00	00	85	8B	00	00
00	00	FF	FF	00	00	CD	8C	00	00
00	00	FF	FF	00	00	14	8E	00	00
00	00	FF	FF	00	00	5C	8F	00	00
00	00	FF	FF	00	00	A4	90	00	00
00	00	FF	FF	00	00	EB	91	00	00
00	00	FF	FF	00	00	33	93	00	00
00	00	FF	FF	00	00	7B	94	00	00
00	00	FF	FF	00	00	C2	95	00	00
00	00	FF	FF	00	00	0A	97	00	00
00	00	FF	FF	00	00	52	98	00	00
00	00	FF	FF	00	00	9A	99	00	00
00	00	FF	FF	00	00	E1	9A	00	00
00	00	FF	FF	00	00	29	9C	00	00
00	00	FF	FF	00	00	71	9D	00	00
00	00	FF	FF	00	00	B8	9E	00	00
00	00	FF	FF	00	00	00	A0	00	00
00	00	FF	FF	00	00	48	A1	00	00
00	00	FF	FF	00	00	8F	A2	00	00
00	00	FF	FF	00	00	D7	A3	00	00
00	00	FF	FF	00	00	1F	A5	00	00
00	00	FF	FF	00	00	66	A6	00	00
00	00	FF	FF	00	00	AE	A7	00	00
00	00	FF	FF	00	00	F6	A8	00	00
00	00	FF	FF	00	00	3D	AA	00	00
00	00	FF	FF	00	00	85	AB	00	00
00	00	FF	FF	00	00	CD	AC	00	00
00	00	FF	FF	00	00	14	AE	00	00
00	00	FF	FF	00	00	5C	AF	00	00
00	00	FF	FF	00	00	00	00	00	00
00	00	FF	FF	00	00	00	00	00	00
00	00	FF	FF	00	00	00	00	00	00
00	00	FF	FF	00	00	00	00	00	00
00	00	FF	FF	00	00	00	00	00	00
00	00	FF	FF	00	00	00	00	00	00
00	00	FF	FF	00	00	00	00	00	00
00	00	FF	FF	00	00	00	00	00	00
00	00	FF	FF	00	00	00	00	00	00
00	00	FF	FF	00	00	00	00	00	00
00	00	FF	FF	00	00	00	00	00	00
00	00	FF	FF	00	00	00	00	00	00
00	00	FF	FF	00	00	00	00	00	00
00	00	FF	FF	00	00	00	00	00	00
00	00	FF	FF	00	00	00	00	00	00
00	00	FF	FF	00	00	00	00	00	00
00	01	00	00	00	00	00	00	00	00
00	01	00	00	00	00	00	00	00	00
00	01	00	00	00	00	00	00	00	00
00	01	00	00	00	00	00	00	00	00
00	01	00	00	00	00	00	00	00	00
00	01	00	00	00	00	00	00	00	00
00	01	00	00	00	00	00	00	00	00
00	01	00	00	00	00	00	00	00	00
00	01	00	00	00	00	00	00	00	00
00	01	00	00	00	00	00	00	00	00
00	01	00	00	00	00	00	00	00	00
00	01	00	00	00	00	00	00	00	00
00	01	00	00	00	00	00	00	00	00
00	01	00	00	00	00	00	00	00	00
00	01	00	00	00	00	00	00	00	00
00	01	00	00	00	00	00	00	00	00
00	01	00	00	00	00	00	00	00	00
00	01	00	00	00	00	00	00	00	00
00	01	00	00	00	00	00	00	00	00
00	01	00	00	00	00	00	00	00	00
00	01	00	00	01	00	00	00	00	00
00	01	00	00	01	00	00	00	00	00
00	01	00	00	01	00	00	00	00	00
00	01	00	00	01	00	00	00	00	00
00	01	00	00	02	00	00	00	00	00
00	01	00	00	02	00	00	00	00	00
00	01	00	00	02	00	00	00	00	00
00	01	00	00	02	00	00	00	00	00
00	01	00	00	02	00	00	00	00	00
00	01	00	00	02	00	00	00	00	00
00	01	00	00	02	00	00	00	00	00
00	01	00	00	01	00	00	00	00	00
00	01	00	00	01	00	00	00	00	00
00	01	00	00	01	00	00	00	00	00
00	01	00	00	01	00	00	00	00	00
00	01	00	00	02	00	00	00	00	00
00	01	00	00	02	00	00	00	00	00
00	01	00	00	02	00	00	00	00	00
00	01	00	00	02	00	00	00	00	00
00	01	00	00	02	00	00	00	00	00
00	01	00	00	02	00	00	00	00	00
00	01	00	00	03	00	00	00	00	00
00	01	00	00	03	00	00	00	00	00
00	01	00	00	03	00	00	00	00	00
00	01	00	00	03	00	00	00	00	00
00	01	00	00	03	00	00	00	00	00
00	01	00	00	03	00	00	00	00	00
00	01	00	00	04	00	00	00	00	00
00	01	00	00	04	00	00	00	00	00
00	01	00	00	04	00	00	00	00	00
00	01	00	00	05	00	00	00	00	00
00	01	00	00	05	00	00	00	00	00
00	01	00	00	05	00	00	00	00	00
00	01	00	00	06	00	00	00	00	00
00	01	00	00	06	00	00	00	00	00
00	01	00	00	06	00	00	00	00	00
00	01	00	00	06	00	00	00	00	00
00	01	00	00	00	00	00	00	00	00
00	01	00	00	01	00	00	00	00	00
00	01	00	00	01	00	00	00	00	00
00	01	00	00	01	00	00	00	00	00
00	01	00	00	01	00	00	00	00	00
00	01	00	00	02	00	00	00	00	00
00	01	00	00	02	00	00	00	00	00
00	01	00	00	02	00	00	00	00	00
00	01	00	00	02	00	00	00	00	00
00	01	00	00	02	00	00	00	00	00
00	01	00	00	02	00	00	00	00	00
00	01	00	00	02	00	00	00	00	00
00	01	00	00	01	00	00	00	00	00
00	01	00	00	01	00	00	00	00	00
00	01	00	00	01	00	00	00	00	00
00	01	00	00	01	00	00	00	00	00
00	01	00	00	02	00	00	00	00	00
00	01	00	00	02	00	00	00	00	00
00	01	00	00	02	00	00	00	00	00
00	01	00	00	02	00	00	00	00	00
00	01	00	00	02	00	00	00	00	00
00	01	00	00	02	00	00	00	00	00
00	01	00	00	03	00	00	00	00	00
00	01	00	00	03	00	00	00	00	00
00	01	00	00	03	00	00	00	00	00
00	01	00	00	03	00	00	00	00	00
00	01	00	00	03	00	00	00	00	00
00	01	00	00	03	00	00	00	00	00
00	01	00	00	04	00	00	00	00	00
00	01	00	00	04	00	00	00	00	00
00	01	00	00	04	00	00	00	00	00
00	01	00	00	05	00	00	00	00	00
00	01	00	00	05	00	00	00	00	00
00	01	00	00	05	00	00	00	00	00
00	01	00	00	06	00	00	00	00	00
00	01	00	00	06	00	00	00	00	00
00	01	00	00	06	00	00	00	00	00
00	01	00	00	06	00	00	00	00	00
00	01	00	00	00	00	00	00	00	00
00	01	00	00	01	00	00	00	00	00
00	01	00	00	01	00	00	00	00	00
00	01	00	00	01	00	00	00	00	00
00	01	00	00	01	00	00	00	00	00
00	01	00	00	02	00	00	00	00	00
00	01	00	00	02	00	00	00	00	00
00	01	00	00	02	00	00	00	00	00
00	01	00	00	02	00	00	00	00	00
00	01	00	00	02	00	00	00	00	00
00	01	00	00	02	00	00	00	00	00
00	01	00	00	02	00	00	00	00	00
00	01	00	00	01	00	00	00	00	00
00	01	00	00	01	00	00	00	00	00
00	01	00	00	01	00	00	00	00	00
00	01	00	00	01	00	00	00	00	00
00	01	00	00	02	00	00	00	00	00
00	01	00	00	02	00	00	00	00	00
00	01	00	00	02	00	00	00	00	00
00	01	00	00	02	00	00	00	00	00
00	01	00	00	02	00	00	00	00	00
00	01	00	00	02	00	00	00	00	00
00	01	00	00	03	00	00	00	00	00
00	01	00	00	03	00	00	00	00	00
00	01	00	00	03	00	00	00	00	00
00	01	00	00	03	00	00	00	00	00
00	01	00	00	03	00	00	00	00	00
00	01	00	00	03	00	00	00	00	00
00	01	00	00	04	00	00	00	00	00
00	01	00	00	04	00	00	00	00	00
00	01	00	00	04	00	00	00	00	00
00	01	00	00	05	00	00	00	00	00
00	01	00	00	00	00	00	00	00	00
00	01	00	00	00	00	00	00	00	00
00	01	00	00	00	00	00	00	00	00
00	01	00	00	00	00	00	00	00	00
00	01	00	00	00	00	00	00	00	00
00	01	00	00	00	00	00	00	00	00
00	01	00	00	00	00	00	00	00	00
00	01	00	00	00	00	00	00	00	00
00	01	00	00	00	00	00	00	00	00
00	01	00	00	00	00	00	00	00	00
00	01	00	00	00	00	00	00	00	00
00	01	00	00	00	00	00	00	00	00
00	01	00	00	00	00	00	00	00	00
00	01	B6	00	00	00	00	00	00	00
00	01	6C	01	00	00	00	00	00	00
00	01	22	02	00	00	00	00	00	00
00	01	D8	02	00	00	00	00	00	00
00	01	8E	03	00	00	00	00	00	00
00	01	44	04	00	00	00	00	00	00
00	01	FA	04	00	00	00	00	00	00
00	01	B0	05	00	00	00	00	00	00
00	01	66	06	00	00	00	00	00	00
00	01	1C	07	00	00	00	00	00	00
00	01	D2	07	00	00	00	00	00	00
00	01	89	08	00	00	00	00	00	00
00	01	3F	09	00	00	00	00	00	00
00	01	F5	09	00	00	00	00	00	00
00	01	AB	0A	00	00	00	00	00	00
00	01	61	0B	00	00	00	00	00	00
00	01	17	0C	00	00	00	00	00	00
00	01	CD	0C	00	00	00	00	00	00
00	01	83	0D	00	00	00	00	00	00
00	01	39	0E	00	00	00	00	00	00
00	01	EF	0E	00	00	00	00	00	00
00	01	A5	0F	00	00	00	00	00	00
00	01	5B	10	00	00	00	00	00	00
00	01	11	11	00	00	00	00	00	00
00	01	C7	11	00	00	00	00	00	00
00	01	7D	12	00	00	00	00	00	00
00	01	33	13	00	00	00	00	00	00
00	01	E9	13	00	00	00	00	00	00
00	01	9F	14	00	00	00	00	00	00
00	01	55	15	00	00	00	00	00	00
00	01	0B	16	00	00	00	00	00	00
00	01	C1	16	00	00	00	00	00	00
00	01	77	17	00	00	00	00	00	00
00	01	2D	18	00	00	00	00	00	00
00	01	E3	18	00	00	00	00	00	00
00	01	9A	19	00	00	00	00	00	00
00	01	50	1A	00	00	00	00	00	00
00	01	06	1B	00	00	00	00	00	00
00	01	BC	1B	00	00	00	00	00	00
00	01	72	1C	00	00	00	00	00	00
00	01	28	1D	00	00	00	00	00	00
00	01	DE	1D	00	00	00	00	00	00
00	01	94	1E	00	00	00	00	00	00
00	01	4A	1F	00	00	00	00	00	00
00	01	00	20	00	00	00	00	00	00
00	01	B6	20	00	00	00	00	00	00
00	01	6C	21	00	00	00	00	00	00
00	01	22	22	00	00	00	00	00	00
00	01	D8	22	00	00	00	00	00	00
00	01	8E	23	00	00	00	00	00	00
00	01	44	24	00	00	00	00	00	00
00	01	FA	24	00	00	00	00	00	00
00	01	B0	25	00	00	00	00	00	00
00	01	66	26	00	00	00	00	00	00
00	01	1C	27	00	00	00	00	00	00
00	01	D2	27	00	00	00	00	00	00
00	01	88	28	00	00	00	00	00	00
00	01	3E	29	00	00	00	00	00	00
00	01	F4	29	00	00	00	00	00	00
00	01	AB	2A	00	00	00	00	00	00
00	01	61	2B	00	00	00	00	00	00
00	01	17	2C	00	00	00	00	00	00
00	01	CD	2C	00	00	00	00	00	00
00	01	83	2D	00	00	00	00	00	00
00	01	39	2E	00	00	00	00	00	00
00	01	EF	2E	00	00	00	00	00	00
00	01	A5	2F	00	00	00	00	00	00
00	01	5B	30	00	00	00	00	00	00
00	01	11	31	00	00	00	00	00	00
00	01	C7	31	00	00	00	00	00	00
00	01	7D	32	00	00	00	00	00	00
00	01	33	33	00	00	00	00	00	00
00	01	E9	33	00	00	00	00	00	00
00	01	9F	34	00	00	00	00	00	00
00	01	55	35	00	00	00	00	00	00
00	01	0B	36	00	00	00	00	00	00
00	01	C1	36	00	00	00	00	00	00
00	01	77	37	00	00	00	00	00	00
00	01	2D	38	00	00	00	00	00	00
00	01	E3	38	00	00	00	00	00	00
00	01	99	39	00	00	00	00	00	00
00	01	4F	3A	00	00	00	00	00	00
00	01	05	3B	00	00	00	00	00	00
00	01	BC	3B	00	00	00	00	00	00
00	01	72	3C	00	00	00	00	00	00
00	01	28	3D	00	00	00	00	00	00
00	01	DE	3D	00	00	00	00	00	00
00	01	94	3E	00	00	00	00	00	00
00	01	4A	3F	00	00	00	00	00	00
00	01	00	40	00	00	00	00	00	00
00	01	B6	40	00	00	00	00	00	00
00	01	6C	41	00	00	00	00	00	00
00	01	22	42	00	00	00	00	00	00
00	01	D8	42	00	00	00	00	00	00
00	01	8E	43	00	00	00	00	00	00
00	01	44	44	00	00	00	00	00	00
00	01	FA	44	00	00	00	00	00	00
00	01	B0	45	00	00	00	00	00	00
00	01	66	46	00	00	00	00	00	00
00	01	1C	47	00	00	00	00	00	00
00	01	D2	47	00	00	00	00	00	00
00	01	88	48	00	00	00	00	00	00
00	01	3E	49	00	00	00	00	00	00
00	01	F4	49	00	00	00	00	00	00
00	01	AA	4A	00	00	00	00	00	00
00	01	60	4B	00	00	00	00	00	00
00	01	16	4C	00	00	00	00	00	00
00	01	CD	4C	00	00	00	00	00	00
00	01	83	4D	00	00	00	00	00	00
00	01	39	4E	00	00	00	00	00	00
00	01	EF	4E	00	00	00	00	00	00
00	01	A5	4F	00	00	00	00	00	00
00	01	5B	50	00	00	00	00	00	00
00	01	11	51	00	00	00	00	00	00
00	01	C7	51	00	00	00	00	00	00
00	01	7D	52	00	00	00	00	00	00
00	01	33	53	00	00	00	00	00	00
00	01	E9	53	00	00	00	00	00	00
00	01	9F	54	00	00	00	00	00	00
00	01	55	55	00	00	00	00	00	00
00	01	0B	56	00	00	00	00	00	00
00	01	C1	56	00	00	00	00	00	00
00	01	77	57	00	00	00	00	00	00
00	01	2D	58	00	00	00	00	00	00
00	01	E3	58	00	00	00	00	00	00
00	01	99	59	00	00	00	00	00	00
00	01	4F	5A	00	00	00	00	00	00
00	01	05	5B	00	00	00	00	00	00
00	01	BB	5B	00	00	00	00	00	00
00	01	71	5C	00	00	00	00	00	00
00	01	27	5D	00	00	00	00	00	00
00	01	DE	5D	00	00	00	00	00	00
00	01	94	5E	00	00	00	00	00	00
00	01	4A	5F	00	00	00	00	00	00
00	01	00	60	00	00	00	00	00	00
00	01	B6	60	00	00	00	00	00	00
00	01	6C	61	00	00	00	00	00	00
00	01	22	62	00	00	00	00	00	00
00	01	D8	62	00	00	00	00	00	00
00	01	8E	63	00	00	00	00	00	00
00	01	44	64	00	00	00	00	00	00
00	01	FA	64	00	00	00	00	00	00
00	01	B0	65	00	00	00	00	00	00
00	01	66	66	00	00	00	00	00	00
00	01	1C	67	00	00	00	00	00	00
00	01	D2	67	00	00	00	00	00	00
00	01	88	68	00	00	00	00	00	00
00	01	3E	69	00	00	00	00	00	00
00	01	F4	69	00	00	00	00	00	00
00	01	AA	6A	00	00	00	00	00	00
00	01	60	6B	00	00	00	00	00	00
00	01	16	6C	00	00	00	00	00	00
00	01	CC	6C	00	00	00	00	00	00
00	01	82	6D	00	00	00	00	00	00
00	01	38	6E	00	00	00	00	00	00
00	01	EF	6E	00	00	00	00	00	00
00	01	A5	6F	00	00	00	00	00	00
00	01	5B	70	00	00	00	00	00	00
00	01	11	71	00	00	00	00	00	00
00	01	C7	71	00	00	00	00	00	00
00	01	7D	72	00	00	00	00	00	00
00	01	33	73	00	00	00	00	00	00
00	01	E9	73	00	00	00	00	00	00
00	01	9F	74	00	00	00	00	00	00
00	01	55	75	00	00	00	00	00	00
00	01	0B	76	00	00	00	00	00	00
00	01	C1	76	00	00	00	00	00	00
00	01	77	77	00	00	00	00	00	00
00	01	2D	78	00	00	00	00	00	00
00	01	E3	78	00	00	00	00	00	00
00	01	99	79	00	00	00	00	00	00
00	01	4F	7A	00	00	00	00	00	00
00	01	05	7B	00	00	00	00	00	00
00	01	BB	7B	00	00	00	00	00	00
00	01	71	7C	00	00	00	00	00	00
00	01	27	7D	00	00	00	00	00	00
00	01	DD	7D	00	00	00	00	00	00
00	01	93	7E	00	00	00	00	00	00
00	01	4A	7F	00	00	00	00	00	00
00	01	00	80	00	00	00	00	00	00
00	01	B6	80	00	00	00	00	00	00
00	01	6C	81	00	00	00	00	00	00
00	01	22	82	00	00	00	00	00	00
00	01	D8	82	00	00	00	00	00	00
00	01	8E	83	00	00	00	00	00	00
00	01	44	84	00	00	00	00	00	00
00	01	FA	84	00	00	00	00	00	00
00	01	B0	85	00	00	00	00	00	00
00	01	66	86	00	00	00	00	00	00
00	01	1C	87	00	00	00	00	00	00
00	01	D2	87	00	00	00	00	00	00
00	01	88	88	00	00	00	00	00	00
00	01	3E	89	00	00	00	00	00	00
00	01	F4	89	00	00	00	00	00	00
00	01	AA	8A	00	00	00	00	00	00
00	01	60	8B	00	00	00	00	00	00
00	01	16	8C	00	00	00	00	00	00
00	01	CC	8C	00	00	00	00	00	00
00	01	82	8D	00	00	00	00	00	00
00	01	38	8E	00	00	00	00	00	00
00	01	EE	8E	00	00	00	00	00	00
00	01	A4	8F	00	00	00	00	00	00
00	01	5B	90	00	00	00	00	00	00
00	01	11	91	00	00	00	00	00	00
00	01	C7	91	00	00	00	00	00	00
00	01	7D	92	00	00	00	00	00	00
00	01	33	93	00	00	00	00	00	00
00	01	E9	93	00	00	00	00	00	00
00	01	9F	94	00	00	00	00	00	00
00	01	55	95	00	00	00	00	00	00
00	01	0B	96	00	00	00	00	00	00
00	01	C1	96	00	00	00	00	00	00
00	01	77	97	00	00	00	00	00	00
00	01	2D	98	00	00	00	00	00	00
00	01	E3	98	00	00	00	00	00	00
00	01	99	99	00	00	00	00	00	00
00	01	4F	9A	00	00	00	00	00	00
00	01	05	9B	00	00	00	00	00	00
00	01	BB	9B	00	00	00	00	00	00
00	01	71	9C	00	00	00	00	00	00
00	01	27	9D	00	00	00	00	00	00
00	01	DD	9D	00	00	00	00	00	00
00	01	93	9E	00	00	00	00	00	00
00	01	49	9F	00	00	00	00	00	00
00	01	FF	9F	00	00	00	00	00	00
00	01	B5	A0	00	00	00	00	00	00
00	01	6C	A1	00	00	00	00	00	00
00	01	22	A2	00	00	00	00	00	00
00	01	D8	A2	00	00	00	00	00	00
00	01	8E	A3	00	00	00	00	00	00
00	01	44	A4	00	00	00	00	00	00
00	01	FA	A4	00	00	00	00	00	00
00	01	B0	A5	00	00	00	00	00	00
00	01	66	A6	00	00	00	00	00	00
00	01	1C	A7	00	00	00	00	00	00
00	01	D2	A7	00	00	00	00	00	00
00	01	88	A8	00	00	00	00	00	00
00	01	3E	A9	00	00	00	00	00	00
00	01	F4	A9	00	00	00	00	00	00
00	01	AA	AA	00	00	00	00	00	00
00	01	60	AB	00	00	00	00	00	00
00	01	16	AC	00	00	00	00	00	00
00	01	CC	AC	00	00	00	00	00	00
00	01	82	AD	00	00	00	00	00	00
00	01	38	AE	00	00	00	00	00	00
00	01	EE	AE	00	00	00	00	00	00
00	01	A4	AF	00	00	00	00	00	00
00	01	5A	B0	00	00	00	00	00	00
00	01	10	B1	00	00	00	00	00	00
00	01	C6	B1	00	00	00	00	00	00
00	01	7D	B2	00	00	00	00	00	00
00	01	33	B3	00	00	00	00	00	00
00	01	E9	B3	00	00	00	00	00	00
00	01	9F	B4	00	00	00	00	00	00
00	01	55	B5	00	00	00	00	00	00
00	01	0B	B6	00	00	00	00	00	00
00	01	C1	B6	00	00	00	00	00	00
00	01	77	B7	00	00	00	00	00	00
00	01	2D	B8	00	00	00	00	00	00
00	01	E3	B8	00	00	00	00	00	00
00	01	99	B9	00	00	00	00	00	00
00	01	4F	BA	00	00	00	00	00	00
00	01	05	BB	00	00	00	00	00	00
00	01	BB	BB	00	00	00	00	00	00
00	01	71	BC	00	00	00	00	00	00
00	01	27	BD	00	00	00	00	00	00
00	01	DD	BD	00	00	00	00	00	00
00	01	93	BE	00	00	00	00	00	00
00	01	49	BF	00	00	00	00	00	00
00	01	FF	BF	00	00	00	00	00	00
00	01	B5	C0	00	00	00	00	00	00
00	01	6B	C1	00	00	00	00	00	00
00	01	21	C2	00	00	00	00	00	00
00	01	D7	C2	00	00	00	00	00	00
00	01	8E	C3	00	00	00	00	00	00
00	01	44	C4	00	00	00	00	00	00
00	01	FA	C4	00	00	00	00	00	00
00	01	B0	C5	00	00	00	00	00	00
00	01	66	C6	00	00	00	00	00	00
00	01	1C	C7	00	00	00	00	00	00
00	01	D2	C7	00	00	00	00	00	00
00	01	88	C8	00	00	00	00	00	00
00	01	3E	C9	00	00	00	00	00	00
00	01	F4	C9	00	00	00	00	00	00
00	01	AA	CA	00	00	00	00	00	00
00	01	60	CB	00	00	00	00	00	00
00	01	16	CC	00	00	00	00	00	00
00	01	CC	CC	00	00	00	00	00	00
00	01	82	CD	00	00	00	00	00	00
00	01	38	CE	00	00	00	00	00	00
00	01	EE	CE	00	00	00	00	00	00
00	01	A4	CF	00	00	00	00	00	00
00	01	5A	D0	00	00	00	00	00	00
00	01	10	D1	00	00	00	00	00	00
00	01	C6	D1	00	00	00	00	00	00
00	01	7C	D2	00	00	00	00	00	00
00	01	32	D3	00	00	00	00	00	00
00	01	E8	D3	00	00	00	00	00	00
00	01	9F	D4	00	00	00	00	00	00
00	01	55	D5	00	00	00	00	00	00
00	01	0B	D6	00	00	00	00	00	00
00	01	C1	D6	00	00	00	00	00	00
00	01	77	D7	00	00	00	00	00	00
00	01	2D	D8	00	00	00	00	00	00
00	01	E3	D8	00	00	00	00	00	00
00	01	99	D9	00	00	00	00	00	00
00	01	4F	DA	00	00	00	00	00	00
00	01	05	DB	00	00	00	00	00	00
00	01	BB	DB	00	00	00	00	00	00
00	01	71	DC	00	00	00	00	00	00
00	01	27	DD	00	00	00	00	00	00
00	01	DD	DD	00	00	00	00	00	00
00	01	93	DE	00	00	00	00	00	00
00	01	49	DF	00	00	00	00	00	00
00	01	FF	DF	00	00	00	00	00	00
00	01	B5	E0	00	00	00	00	00	00
00	01	6B	E1	00	00	00	00	00	00
00	01	21	E2	00	00	00	00	00	00
00	01	D7	E2	00	00	00	00	00	00
00	01	8D	E3	00	00	00	00	00	00
00	01	43	E4	00	00	00	00	00	00
00	01	FA	E4	00	00	00	00	00	00
00	01	B0	E5	00	00	00	00	00	00
00	01	66	E6	00	00	00	00	00	00
00	01	1C	E7	00	00	00	00	00	00
00	01	D2	E7	00	00	00	00	00	00
00	01	88	E8	00	00	00	00	00	00
00	01	3E	E9	00	00	00	00	00	00
00	01	F4	E9	00	00	00	00	00	00
00	01	AA	EA	00	00	00	00	00	00
00	01	60	EB	00	00	00	00	00	00
00	01	16	EC	00	00	00	00	00	00
00	01	CC	EC	00	00	00	00	00	00
00	01	82	ED	00	00	00	00	00	00
00	01	38	EE	00	00	00	00	00	00
00	01	EE	EE	00	00	00	00	00	00
00	01	A4	EF	00	00	00	00	00	00
00	01	5A	F0	00	00	00	00	00	00
00	01	10	F1	00	00	00	00	00	00
00	01	C6	F1	00	00	00	00	00	00
00	01	7C	F2	00	00	00	00	00	00
00	01	32	F3	00	00	00	00	00	00
00	01	E8	F3	00	00	00	00	00	00
00	01	9E	F4	00	00	00	00	00	00
00	01	54	F5	00	00	00	00	00	00
00	01	0B	F6	00	00	00	00	00	00
00	01	C1	F6	00	00	00	00	00	00
00	01	77	F7	00	00	00	00	00	00
00	01	2D	F8	00	00	00	00	00	00
00	01	E3	F8	00	00	00	00	00	00
00	01	99	F9	00	00	00	00	00	00
00	01	4F	FA	00	00	00	00	00	00
00	01	05	FB	00	00	00	00	00	00
00	01	BB	FB	00	00	00	00	00	00
00	01	71	FC	00	00	00	00	00	00
00	01	27	FD	00	00	00	00	00	00
00	01	DD	FD	00	00	00	00	00	00
00	01	93	FE	00	00	00	00	00	00
00	01	49	FF	00	00	00	00	00	00
00	01	00	00	00	00	00	00	00	00
00	01	B6	00	00	00	00	00	00	00
00	01	6C	01	00	00	00	00	00	00
00	01	22	02	00	00	00	00	00	00
00	01	D8	02	00	00	00	00	00	00
00	01	8E	03	00	00	00	00	00	00
00	01	44	04	00	00	00	00	00	00
00	01	FA	04	00	00	00	00	00	00
00	01	B0	05	00	00	00	00	00	00
00	01	66	06	00	00	00	00	00	00
00	01	1C	07	00	00	00	00	00	00
00	01	D2	07	00	00	00	00	00	00
00	01	89	08	00	00	00	00	00	00
00	01	3F	09	00	00	00	00	00	00
00	01	F5	09	00	00	00	00	00	00
00	01	AB	0A	00	00	00	00	00	00
00	01	61	0B	00	00	00	00	00	00
00	01	17	0C	00	00	00	00	00	00
00	01	CD	0C	00	00	00	00	00	00
00	01	83	0D	00	00	00	00	00	00
00	01	39	0E	00	00	00	00	00	00
00	01	EF	0E	00	00	00	00	00	00
00	01	A5	0F	00	00	00	00	00	00
00	01	5B	10	00	00	00	00	00	00
00	01	11	11	00	00	00	00	00	00
00	01	C7	11	00	00	00	00	00	00
00	01	7D	12	00	00	00	00	00	00
00	01	33	13	00	00	00	00	00	00
00	01	E9	13	00	00	00	00	00	00
00	01	9F	14	00	00	00	00	00	00
00	01	55	15	00	00	00	00	00	00
00	01	0B	16	00	00	00	00	00	00
00	01	C1	16	00	00	00	00	00	00
00	01	77	17	00	00	00	00	00	00
00	01	2D	18	00	00	00	00	00	00
00	01	E3	18	00	00	00	00	00	00
00	01	9A	19	00	00	00	00	00	00
00	01	50	1A	00	00	00	00	00	00
00	01	06	1B	00	00	00	00	00	00
00	01	BC	1B	00	00	00	00	00	00
00	01	72	1C	00	00	00	00	00	00
00	01	28	1D	00	00	00	00	00	00
00	01	DE	1D	00	00	00	00	00	00
00	01	94	1E	00	00	00	00	00	00
00	01	4A	1F	00	00	00	00	00	00
00	01	00	20	00	00	00	00	00	00
00	01	B6	20	00	00	00	00	00	00
00	01	6C	21	00	00	00	00	00	00
00	01	22	22	00	00	00	00	00	00
00	01	D8	22	00	00	00	00	00	00
00	01	8E	23	00	00	00	00	00	00
00	01	44	24	00	00	00	00	00	00
00	01	FA	24	00	00	00	00	00	00
00	01	00	00	00	00	00	00	00	00
00	01	00	00	00	00	00	00	00	00
00	01	00	00	00	00	00	00	00	00
00	01	00	00	00	00	00	00	00	00
00	01	00	00	00	00	00	00	00	00
00	01	00	00	00	00	00	00	00	00
00	01	00	00	00	00	00	00	00	00
00	01	00	00	00	00	00	00	00	00
00	01	00	00	00	00	00	00	00	00
00	01	00	00	00	00	00	00	00	00
00	01	00	00	00	00	00	00	00	00
00	02	01	00	00	00	00	00	00	00
00	02	01	00	00	00	00	00	00	00
00	02	01	00	00	00	00	00	00	00
00	02	01	00	00	00	00	00	00	00
00	02	01	00	00	00	00	00	00	00
00	02	02	00	00	00	00	00	00	00
00	02	02	00	00	00	00	00	00	00
00	02	02	00	00	00	00	00	00	00
00	02	02	00	00	00	00	00	00	00
00	02	01	00	00	00	00	00	00	00
00	02	01	00	00	00	00	00	00	00
00	02	01	00	00	00	00	00	00	00
00	02	00	00	00	00	00	00	00	00
00	02	00	00	00	00	00	00	00	00
00	02	00	00	00	00	00	00	00	00
00	02	00	00	00	00	00	00	00	00
00	02	03	00	00	00	00	00	00	00
00	02	03	00	00	00	00	00	00	00
00	02	03	00	00	00	00	00	00	00
00	02	03	00	00	00	00	00	00	00
00	02	03	00	00	00	00	00	00	00
00	02	01	00	00	00	00	00	00	00
00	02	01	00	00	00	00	00	00	00
00	02	01	00	00	00	00	00	00	00
00	02	01	00	00	00	00	00	00	00
00	02	01	00	00	00	00	00	00	00
00	02	02	00	00	00	00	00	00	00
00	02	02	00	00	00	00	00	00	00
00	02	02	00	00	00	00	00	00	00
00	02	02	00	00	00	00	00	00	00
00	02	01	00	00	00	00	00	00	00
00	02	01	00	00	00	00	00	00	00
00	02	01	00	00	00	00	00	00	00
00	02	00	00	00	00	00	00	00	00
00	02	00	00	00	00	00	00	00	00
00	02	00	00	00	00	00	00	00	00
00	02	00	00	00	00	00	00	00	00
00	02	03	00	00	00	00	00	00	00
00	02	03	00	00	00	00	00	00	00
00	02	03	00	00	00	00	00	00	00
00	02	03	00	00	00	00	00	00	00
00	02	03	00	00	00	00	00	00	00
00	02	01	00	00	00	00	00	00	00
00	02	01	00	00	00	00	00	00	00
00	02	01	00	00	00	00	00	00	00
00	02	01	00	00	00	00	00	00	00
00	02	01	00	00	00	00	00	00	00
00	02	02	00	00	00	00	00	00	00
00	02	02	00	00	00	00	00	00	00
00	02	02	00	00	00	00	00	00	00
00	02	02	00	00	00	00	00	00	00
00	02	01	00	00	00	00	00	00	00
00	02	01	00	00	00	00	00	00	00
00	02	01	00	00	00	00	00	00	00
00	02	00	00	00	00	00	00	00	00
00	02	00	00	00	00	00	00	00	00
00	02	00	00	00	00	00	00	00	00
00	02	00	00	00	00	00	00	00	00
00	02	03	00	00	00	00	00	00	00
00	02	03	00	00	00	00	00	00	00
00	02	03	00	00	00	00	00	00	00
00	02	03	00	00	00	00	00	00	00
00	02	03	00	00	00	00	00	00	00
00	02	01	00	00	00	00	00	00	00
00	02	01	00	00	00	00	00	00	00
00	02	01	00	00	00	00	00	00	00
00	02	01	00	00	00	00	00	00	00
00	02	01	00	00	00	00	00	00	00
00	02	02	00	00	00	00	00	00	00
00	02	02	00	00	00	00	00	00	00
00	02	02	00	00	00	00	00	00	00
00	02	02	00	00	00	00	00	00	00
00	02	01	00	00	00	00	00	00	00
00	02	01	00	00	00	00	00	00	00
00	02	01	00	00	00	00	00	00	00
00	02	00	00	00	00	00	00	00	00
00	02	00	00	00	00	00	00	00	00
00	02	00	00	00	00	00	00	00	00
00	02	00	00	00	00	00	00	00	00
00	02	03	00	00	00	00	00	00	00
00	02	03	00	00	00	00	00	00	00
00	02	03	00	00	00	00	00	00	00
00	02	03	00	00	00	00	00	00	00
00	02	03	00	00	00	00	00	00	00
00	02	01	00	00	00	00	00	00	00
00	02	01	00	00	00	00	00	00	00
00	02	01	00	00	00	00	00	00	00
00	02	01	00	00	00	00	00	00	00
00	02	01	00	00	00	00	00	00	00
00	02	02	00	00	00	00	00	00	00
00	02	02	00	00	00	00	00	00	00
00	02	02	00	00	00	00	00	00	00
00	02	02	00	00	00	00	00	00	00
00	02	01	00	00	00	00	00	00	00
00	02	01	00	00	00	00	00	00	00
00	02	01	00	00	00	00	00	00	00
00	02	00	00	00	00	00	00	00	00
00	02	00	00	00	00	00	00	00	00
00	02	00	00	00	00	00	00	00	00
00	02	00	00	00	00	00	00	00	00
00	02	03	00	00	00	00	00	00	00
00	02	03	00	00	00	00	00	00	00
00	02	03	00	00	00	00	00	00	00
00	02	03	00	00	00	00	00	00	00
00	02	03	00	00	00	00	00	00	00
00	02	01	00	00	00	00	00	00	00
00	02	01	00	00	00	00	00	00	00
00	02	01	00	00	00	00	00	00	00
00	02	01	00	00	00	00	00	00	00
00	02	01	00	00	00	00	00	00	00
00	02	02	00	00	00	00	00	00	00
=======
0000FFFF000000000000
0000FFFF000000000000
0000FFFF000000000000
0000FFFF000000000000
0000FFFF000000000000
0000FFFF000000000000
0000FFFF000000000000
0000FFFF000000000000
0000FFFF000000000000
0000FFFF000000000000
0000FFFF000000000000
0000FFFF000000000000
0000FFFF000000000000
0000FFFF000000000000
0000FFFF000000000000
0000FFFF000000000000
0000FFFF000000000000
0000FFFF000000000000
0000FFFF000000000000
0000FFFF000000000000
0000FFFF000000000000
0000FFFF8F0200000000
0000FFFF1F0500000000
0000FFFFAE0700000000
0000FFFF3D0A00000000
0000FFFFCD0C00000000
0000FFFF5C0F00000000
0000FFFFEB1100000000
0000FFFF7B1400000000
0000FFFF0A1700000000
0000FFFF9A1900000000
0000FFFF291C00000000
0000FFFFB81E00000000
0000FFFF482100000000
0000FFFFD72300000000
0000FFFF662600000000
0000FFFFF62800000000
0000FFFF852B00000000
0000FFFF142E00000000
0000FFFFA43000000000
0000FFFF333300000000
0000FFFFC23500000000
0000FFFF523800000000
0000FFFFE13A00000000
0000FFFF703D00000000
0000FFFF004000000000
0000FFFF8F4200000000
0000FFFF1E4500000000
0000FFFFAE4700000000
0000FFFF3D4A00000000
0000FFFFCD4C00000000
0000FFFF5C4F00000000
0000FFFFEB5100000000
0000FFFF7B5400000000
0000FFFF0A5700000000
0000FFFF995900000000
0000FFFF295C00000000
0000FFFFB85E00000000
0000FFFF476100000000
0000FFFFD76300000000
0000FFFF666600000000
0000FFFFF56800000000
0000FFFF856B00000000
0000FFFF146E00000000
0000FFFFA37000000000
0000FFFF337300000000
0000FFFFC27500000000
0000FFFF517800000000
0000FFFFE17A00000000
0000FFFF707D00000000
0000FFFF008000000000
0000FFFF8F8200000000
0000FFFF1E8500000000
0000FFFFAE8700000000
0000FFFF3D8A00000000
0000FFFFCC8C00000000
0000FFFF5C8F00000000
0000FFFFEB9100000000
0000FFFF7A9400000000
0000FFFF0A9700000000
0000FFFF999900000000
0000FFFF289C00000000
0000FFFFB89E00000000
0000FFFF47A100000000
0000FFFFD6A300000000
0000FFFF66A600000000
0000FFFFF5A800000000
0000FFFF85AB00000000
0000FFFF14AE00000000
0000FFFFA3B000000000
0000FFFF33B300000000
0000FFFFC2B500000000
0000FFFF51B800000000
0000FFFFE1BA00000000
0000FFFF70BD00000000
0000FFFFFFBF00000000
0000FFFF8FC200000000
0000FFFF1EC500000000
0000FFFFADC700000000
0000FFFF3DCA00000000
0000FFFFCCCC00000000
0000FFFF5BCF00000000
0000FFFFEBD100000000
0000FFFF7AD400000000
0000FFFF09D700000000
0000FFFF99D900000000
0000FFFF28DC00000000
0000FFFFB8DE00000000
0000FFFF47E100000000
0000FFFFD6E300000000
0000FFFF66E600000000
0000FFFFF5E800000000
0000FFFF84EB00000000
0000FFFF14EE00000000
0000FFFFA3F000000000
0000FFFF32F300000000
0000FFFFC2F500000000
0000FFFF51F800000000
0000FFFFE0FA00000000
0000FFFF70FD00000000
0000FFFF000000000000
0000FFFF8F0200000000
0000FFFF1F0500000000
0000FFFFAE0700000000
0000FFFF3D0A00000000
0000FFFFCD0C00000000
0000FFFF5C0F00000000
0000FFFFEB1100000000
0000FFFF7B1400000000
0000FFFF0A1700000000
0000FFFF9A1900000000
0000FFFF291C00000000
0000FFFFB81E00000000
0000FFFF482100000000
0000FFFFD72300000000
0000FFFF662600000000
0000FFFFF62800000000
0000FFFF852B00000000
0000FFFF142E00000000
0000FFFFA43000000000
0000FFFF333300000000
0000FFFFC23500000000
0000FFFF523800000000
0000FFFFE13A00000000
0000FFFF703D00000000
0000FFFF004000000000
0000FFFF000000000000
0000FFFF000000000000
0000FFFF000000000000
0000FFFF000000000000
0000FFFF000000000000
0000FFFF000000000000
00000000000000000000
0000FA00000000000000
0000F401000000000000
0000EE02000000000000
0000E803000000000000
0000E204000000000000
0000DC05000000000000
0000D606000000000000
0000D007000000000000
0000CA08000000000000
0000C409000000000000
0000BE0A000000000000
0000B80B000000000000
0000B20C000000000000
0000AC0D000000000000
0000A60E000000000000
0000A00F000000000000
00009A10000000000000
00009411000000000000
00008E12000000000000
00008813000000000000
00008214000000000000
00007C15000000000000
00007616000000000000
00007017000000000000
00006A18000000000000
00006419000000000000
00005E1A000000000000
0000581B000000000000
0000521C000000000000
00004C1D000000000000
0000461E000000000000
0000401F000000000000
00000000000000000000
0000FA00000000000000
0000F401000000000000
0000EE02000000000000
0000E803000000000000
0000E204000000000000
0000DC05000000000000
0000D606000000000000
0000D007000000000000
0000CA08000000000000
0000C409000000000000
0000BE0A000000000000
0000B80B000000000000
0000B20C000000000000
0000AC0D000000000000
0000A60E000000000000
0000A00F000000000000
00009A10000000000000
00009411000000000000
00008E12000000000000
00008813000000000000
00008214000000000000
00007C15000000000000
00007616000000000000
00007017000000000000
00006A18000000000000
00006419000000000000
00005E1A000000000000
0000581B000000000000
0000521C000000000000
00004C1D000000000000
0000461E000000000000
0000401F000000000000
00000000000000000000
0000FA00000000000000
0000F401000000000000
0000EE02000000000000
0000E803000000000000
0000E204000000000000
0000DC05000000000000
0000D606000000000000
0000D007000000000000
0000CA08000000000000
0000C409000000000000
0000BE0A000000000000
0000B80B000000000000
0000B20C000000000000
0000AC0D000000000000
0000A60E000000000000
0000A00F000000000000
00009A10000000000000
00009411000000000000
00008E12000000000000
0000FFFF000000000000
0000FFFF000000000000
0000FFFF000000000000
0000FFFF000000000000
0000FFFF000000000000
0000FFFF000000000000
0000FFFF000000000000
0000FFFF000000000000
0000FFFF000000800000
0000FFFF000048810000
0000FFFF00008F820000
0000FFFF0000D7830000
0000FFFF00001F850000
0000FFFF000066860000
0000FFFF0000AE870000
0000FFFF0000F6880000
0000FFFF00003D8A0000
0000FFFF0000858B0000
0000FFFF0000CD8C0000
0000FFFF0000148E0000
0000FFFF00005C8F0000
0000FFFF0000A4900000
0000FFFF0000EB910000
0000FFFF000033930000
0000FFFF00007B940000
0000FFFF0000C2950000
0000FFFF00000A970000
0000FFFF000052980000
0000FFFF00009A990000
0000FFFF0000E19A0000
0000FFFF0000299C0000
0000FFFF0000719D0000
0000FFFF0000B89E0000
0000FFFF000000A00000
0000FFFF000048A10000
0000FFFF00008FA20000
0000FFFF0000D7A30000
0000FFFF00001FA50000
0000FFFF000066A60000
0000FFFF0000AEA70000
0000FFFF0000F6A80000
0000FFFF00003DAA0000
0000FFFF000085AB0000
0000FFFF0000CDAC0000
0000FFFF000014AE0000
0000FFFF00005CAF0000
0000FFFF0000A4B00000
0000FFFF0000EBB10000
0000FFFF000033B30000
0000FFFF00007BB40000
0000FFFF0000C2B50000
0000FFFF00000AB70000
0000FFFF000052B80000
0000FFFF000099B90000
0000FFFF0000E1BA0000
0000FFFF000029BC0000
0000FFFF000070BD0000
0000FFFF0000B8BE0000
0000FFFF000000C00000
0000FFFF000047C10000
0000FFFF00008FC20000
0000FFFF0000D7C30000
0000FFFF00001EC50000
0000FFFF000066C60000
0000FFFF0000AEC70000
0000FFFF0000F6C80000
0000FFFF00003DCA0000
0000FFFF000085CB0000
0000FFFF0000CDCC0000
0000FFFF000014CE0000
0000FFFF00005CCF0000
0000FFFF0000A4D00000
0000FFFF0000EBD10000
0000FFFF000033D30000
0000FFFF00007BD40000
0000FFFF0000C2D50000
0000FFFF00000AD70000
0000FFFF000052D80000
0000FFFF000099D90000
0000FFFF0000E1DA0000
0000FFFF000029DC0000
0000FFFF000070DD0000
0000FFFF0000B8DE0000
0000FFFF000000E00000
0000FFFF000047E10000
0000FFFF00008FE20000
0000FFFF0000D7E30000
0000FFFF00001EE50000
0000FFFF000066E60000
0000FFFF0000AEE70000
0000FFFF0000F5E80000
0000FFFF00003DEA0000
0000FFFF000085EB0000
0000FFFF0000CCEC0000
0000FFFF000014EE0000
0000FFFF00005CEF0000
0000FFFF0000A3F00000
0000FFFF0000EBF10000
0000FFFF000033F30000
0000FFFF00007AF40000
0000FFFF0000C2F50000
0000FFFF00000AF70000
0000FFFF000051F80000
0000FFFF000099F90000
0000FFFF0000E1FA0000
0000FFFF000029FC0000
0000FFFF000070FD0000
0000FFFF0000B8FE0000
0000FFFF000000000000
0000FFFF000047010000
0000FFFF00008F020000
0000FFFF0000D7030000
0000FFFF00001E050000
0000FFFF000066060000
0000FFFF0000AE070000
0000FFFF0000F5080000
0000FFFF00003D0A0000
0000FFFF0000850B0000
0000FFFF0000CC0C0000
0000FFFF0000140E0000
0000FFFF00005C0F0000
0000FFFF0000A3100000
0000FFFF0000EB110000
0000FFFF000033130000
0000FFFF00007A140000
0000FFFF0000C2150000
0000FFFF00000A170000
0000FFFF000051180000
0000FFFF000099190000
0000FFFF0000E11A0000
0000FFFF0000281C0000
0000FFFF0000701D0000
0000FFFF0000B81E0000
0000FFFF0000FF1F0000
0000FFFF000047210000
0000FFFF00008F220000
0000FFFF0000D6230000
0000FFFF00001E250000
0000FFFF000066260000
0000FFFF0000AD270000
0000FFFF0000F5280000
0000FFFF00003D2A0000
0000FFFF0000852B0000
0000FFFF0000CC2C0000
0000FFFF0000142E0000
0000FFFF00005C2F0000
0000FFFF0000A3300000
0000FFFF0000EB310000
0000FFFF000033330000
0000FFFF00007A340000
0000FFFF0000C2350000
0000FFFF00000A370000
0000FFFF000051380000
0000FFFF000099390000
0000FFFF0000E13A0000
0000FFFF0000283C0000
0000FFFF0000703D0000
0000FFFF0000B83E0000
0000FFFF0000FF3F0000
0000FFFF000047410000
0000FFFF00008F420000
0000FFFF0000D6430000
0000FFFF00001E450000
0000FFFF000066460000
0000FFFF0000AD470000
0000FFFF0000F5480000
0000FFFF00003D4A0000
0000FFFF0000844B0000
0000FFFF0000CC4C0000
0000FFFF0000144E0000
0000FFFF00005B4F0000
0000FFFF0000A3500000
0000FFFF0000EB510000
0000FFFF000032530000
0000FFFF00007A540000
0000FFFF0000C2550000
0000FFFF000009570000
0000FFFF000051580000
0000FFFF000099590000
0000FFFF0000E15A0000
0000FFFF0000285C0000
0000FFFF0000705D0000
0000FFFF0000B85E0000
0000FFFF0000FF5F0000
0000FFFF000047610000
0000FFFF00008F620000
0000FFFF0000D6630000
0000FFFF00001E650000
0000FFFF000066660000
0000FFFF0000AD670000
0000FFFF0000F5680000
0000FFFF00003D6A0000
0000FFFF0000846B0000
0000FFFF0000CC6C0000
0000FFFF0000146E0000
0000FFFF00005B6F0000
0000FFFF0000A3700000
0000FFFF0000EB710000
0000FFFF000032730000
0000FFFF00007A740000
0000FFFF0000C2750000
0000FFFF000009770000
0000FFFF000051780000
0000FFFF000099790000
0000FFFF0000E07A0000
0000FFFF0000287C0000
0000FFFF0000707D0000
0000FFFF0000B77E0000
0000FFFF000000800000
0000FFFF000048810000
0000FFFF00008F820000
0000FFFF0000D7830000
0000FFFF00001F850000
0000FFFF000066860000
0000FFFF0000AE870000
0000FFFF0000F6880000
0000FFFF00003D8A0000
0000FFFF0000858B0000
0000FFFF0000CD8C0000
0000FFFF0000148E0000
0000FFFF00005C8F0000
0000FFFF0000A4900000
0000FFFF0000EB910000
0000FFFF000033930000
0000FFFF00007B940000
0000FFFF0000C2950000
0000FFFF00000A970000
0000FFFF000052980000
0000FFFF00009A990000
0000FFFF0000E19A0000
0000FFFF0000299C0000
0000FFFF0000719D0000
0000FFFF0000B89E0000
0000FFFF000000A00000
0000FFFF000048A10000
0000FFFF00008FA20000
0000FFFF0000D7A30000
0000FFFF00001FA50000
0000FFFF000066A60000
0000FFFF0000AEA70000
0000FFFF0000F6A80000
0000FFFF00003DAA0000
0000FFFF000085AB0000
0000FFFF0000CDAC0000
0000FFFF000014AE0000
0000FFFF00005CAF0000
0000FFFF000000000000
0000FFFF000000000000
0000FFFF000000000000
0000FFFF000000000000
0000FFFF000000000000
0000FFFF000000000000
0000FFFF000000000000
0000FFFF000000000000
0000FFFF000000000000
0000FFFF000000000000
0000FFFF000000000000
0000FFFF000000000000
0000FFFF000000000000
0000FFFF000000000000
0000FFFF000000000000
0000FFFF000000000000
00010000000000000000
00010000000000000000
00010000000000000000
00010000000000000000
00010000000000000000
00010000000000000000
00010000000000000000
00010000000000000000
00010000000000000000
00010000000000000000
00010000000000000000
00010000000000000000
00010000000000000000
00010000000000000000
00010000000000000000
00010000000000000000
00010000000000000000
00010000000000000000
00010000000000000000
00010000000000000000
00010000010000000000
00010000010000000000
00010000010000000000
00010000010000000000
00010000020000000000
00010000020000000000
00010000020000000000
00010000020000000000
00010000020000000000
00010000020000000000
00010000020000000000
00010000010000000000
00010000010000000000
00010000010000000000
00010000010000000000
00010000020000000000
00010000020000000000
00010000020000000000
00010000020000000000
00010000020000000000
00010000020000000000
00010000030000000000
00010000030000000000
00010000030000000000
00010000030000000000
00010000030000000000
00010000030000000000
00010000040000000000
00010000040000000000
00010000040000000000
00010000050000000000
00010000050000000000
00010000050000000000
00010000060000000000
00010000060000000000
00010000060000000000
00010000060000000000
00010000000000000000
00010000010000000000
00010000010000000000
00010000010000000000
00010000010000000000
00010000020000000000
00010000020000000000
00010000020000000000
00010000020000000000
00010000020000000000
00010000020000000000
00010000020000000000
00010000010000000000
00010000010000000000
00010000010000000000
00010000010000000000
00010000020000000000
00010000020000000000
00010000020000000000
00010000020000000000
00010000020000000000
00010000020000000000
00010000030000000000
00010000030000000000
00010000030000000000
00010000030000000000
00010000030000000000
00010000030000000000
00010000040000000000
00010000040000000000
00010000040000000000
00010000050000000000
00010000050000000000
00010000050000000000
00010000060000000000
00010000060000000000
00010000060000000000
00010000060000000000
00010000000000000000
00010000010000000000
00010000010000000000
00010000010000000000
00010000010000000000
00010000020000000000
00010000020000000000
00010000020000000000
00010000020000000000
00010000020000000000
00010000020000000000
00010000020000000000
00010000010000000000
00010000010000000000
00010000010000000000
00010000010000000000
00010000020000000000
00010000020000000000
00010000020000000000
00010000020000000000
00010000020000000000
00010000020000000000
00010000030000000000
00010000030000000000
00010000030000000000
00010000030000000000
00010000030000000000
00010000030000000000
00010000040000000000
00010000040000000000
00010000040000000000
00010000050000000000
00010000000000000000
00010000000000000000
00010000000000000000
00010000000000000000
00010000000000000000
00010000000000000000
00010000000000000000
00010000000000000000
00010000000000000000
00010000000000000000
00010000000000000000
00010000000000000000
00010000000000000000
0001B600000000000000
00016C01000000000000
00012202000000000000
0001D802000000000000
00018E03000000000000
00014404000000000000
0001FA04000000000000
0001B005000000000000
00016606000000000000
00011C07000000000000
0001D207000000000000
00018908000000000000
00013F09000000000000
0001F509000000000000
0001AB0A000000000000
0001610B000000000000
0001170C000000000000
0001CD0C000000000000
0001830D000000000000
0001390E000000000000
0001EF0E000000000000
0001A50F000000000000
00015B10000000000000
00011111000000000000
0001C711000000000000
00017D12000000000000
00013313000000000000
0001E913000000000000
00019F14000000000000
00015515000000000000
00010B16000000000000
0001C116000000000000
00017717000000000000
00012D18000000000000
0001E318000000000000
00019A19000000000000
0001501A000000000000
0001061B000000000000
0001BC1B000000000000
0001721C000000000000
0001281D000000000000
0001DE1D000000000000
0001941E000000000000
00014A1F000000000000
00010020000000000000
0001B620000000000000
00016C21000000000000
00012222000000000000
0001D822000000000000
00018E23000000000000
00014424000000000000
0001FA24000000000000
0001B025000000000000
00016626000000000000
00011C27000000000000
0001D227000000000000
00018828000000000000
00013E29000000000000
0001F429000000000000
0001AB2A000000000000
0001612B000000000000
0001172C000000000000
0001CD2C000000000000
0001832D000000000000
0001392E000000000000
0001EF2E000000000000
0001A52F000000000000
00015B30000000000000
00011131000000000000
0001C731000000000000
00017D32000000000000
00013333000000000000
0001E933000000000000
00019F34000000000000
00015535000000000000
00010B36000000000000
0001C136000000000000
00017737000000000000
00012D38000000000000
0001E338000000000000
00019939000000000000
00014F3A000000000000
0001053B000000000000
0001BC3B000000000000
0001723C000000000000
0001283D000000000000
0001DE3D000000000000
0001943E000000000000
00014A3F000000000000
00010040000000000000
0001B640000000000000
00016C41000000000000
00012242000000000000
0001D842000000000000
00018E43000000000000
00014444000000000000
0001FA44000000000000
0001B045000000000000
00016646000000000000
00011C47000000000000
0001D247000000000000
00018848000000000000
00013E49000000000000
0001F449000000000000
0001AA4A000000000000
0001604B000000000000
0001164C000000000000
0001CD4C000000000000
0001834D000000000000
0001394E000000000000
0001EF4E000000000000
0001A54F000000000000
00015B50000000000000
00011151000000000000
0001C751000000000000
00017D52000000000000
00013353000000000000
0001E953000000000000
00019F54000000000000
00015555000000000000
00010B56000000000000
0001C156000000000000
00017757000000000000
00012D58000000000000
0001E358000000000000
00019959000000000000
00014F5A000000000000
0001055B000000000000
0001BB5B000000000000
0001715C000000000000
0001275D000000000000
0001DE5D000000000000
0001945E000000000000
00014A5F000000000000
00010060000000000000
0001B660000000000000
00016C61000000000000
00012262000000000000
0001D862000000000000
00018E63000000000000
00014464000000000000
0001FA64000000000000
0001B065000000000000
00016666000000000000
00011C67000000000000
0001D267000000000000
00018868000000000000
00013E69000000000000
0001F469000000000000
0001AA6A000000000000
0001606B000000000000
0001166C000000000000
0001CC6C000000000000
0001826D000000000000
0001386E000000000000
0001EF6E000000000000
0001A56F000000000000
00015B70000000000000
00011171000000000000
0001C771000000000000
00017D72000000000000
00013373000000000000
0001E973000000000000
00019F74000000000000
00015575000000000000
00010B76000000000000
0001C176000000000000
00017777000000000000
00012D78000000000000
0001E378000000000000
00019979000000000000
00014F7A000000000000
0001057B000000000000
0001BB7B000000000000
0001717C000000000000
0001277D000000000000
0001DD7D000000000000
0001937E000000000000
00014A7F000000000000
00010080000000000000
0001B680000000000000
00016C81000000000000
00012282000000000000
0001D882000000000000
00018E83000000000000
00014484000000000000
0001FA84000000000000
0001B085000000000000
00016686000000000000
00011C87000000000000
0001D287000000000000
00018888000000000000
00013E89000000000000
0001F489000000000000
0001AA8A000000000000
0001608B000000000000
0001168C000000000000
0001CC8C000000000000
0001828D000000000000
0001388E000000000000
0001EE8E000000000000
0001A48F000000000000
00015B90000000000000
00011191000000000000
0001C791000000000000
00017D92000000000000
00013393000000000000
0001E993000000000000
00019F94000000000000
00015595000000000000
00010B96000000000000
0001C196000000000000
00017797000000000000
00012D98000000000000
0001E398000000000000
00019999000000000000
00014F9A000000000000
0001059B000000000000
0001BB9B000000000000
0001719C000000000000
0001279D000000000000
0001DD9D000000000000
0001939E000000000000
0001499F000000000000
0001FF9F000000000000
0001B5A0000000000000
00016CA1000000000000
000122A2000000000000
0001D8A2000000000000
00018EA3000000000000
000144A4000000000000
0001FAA4000000000000
0001B0A5000000000000
000166A6000000000000
00011CA7000000000000
0001D2A7000000000000
000188A8000000000000
00013EA9000000000000
0001F4A9000000000000
0001AAAA000000000000
000160AB000000000000
000116AC000000000000
0001CCAC000000000000
000182AD000000000000
000138AE000000000000
0001EEAE000000000000
0001A4AF000000000000
00015AB0000000000000
000110B1000000000000
0001C6B1000000000000
00017DB2000000000000
000133B3000000000000
0001E9B3000000000000
00019FB4000000000000
000155B5000000000000
00010BB6000000000000
0001C1B6000000000000
000177B7000000000000
00012DB8000000000000
0001E3B8000000000000
000199B9000000000000
00014FBA000000000000
000105BB000000000000
0001BBBB000000000000
000171BC000000000000
000127BD000000000000
0001DDBD000000000000
000193BE000000000000
000149BF000000000000
0001FFBF000000000000
0001B5C0000000000000
00016BC1000000000000
000121C2000000000000
0001D7C2000000000000
00018EC3000000000000
000144C4000000000000
0001FAC4000000000000
0001B0C5000000000000
000166C6000000000000
00011CC7000000000000
0001D2C7000000000000
000188C8000000000000
00013EC9000000000000
0001F4C9000000000000
0001AACA000000000000
000160CB000000000000
000116CC000000000000
0001CCCC000000000000
000182CD000000000000
000138CE000000000000
0001EECE000000000000
0001A4CF000000000000
00015AD0000000000000
000110D1000000000000
0001C6D1000000000000
00017CD2000000000000
000132D3000000000000
0001E8D3000000000000
00019FD4000000000000
000155D5000000000000
00010BD6000000000000
0001C1D6000000000000
000177D7000000000000
00012DD8000000000000
0001E3D8000000000000
000199D9000000000000
00014FDA000000000000
000105DB000000000000
0001BBDB000000000000
000171DC000000000000
000127DD000000000000
0001DDDD000000000000
000193DE000000000000
000149DF000000000000
0001FFDF000000000000
0001B5E0000000000000
00016BE1000000000000
000121E2000000000000
0001D7E2000000000000
00018DE3000000000000
000143E4000000000000
0001FAE4000000000000
0001B0E5000000000000
000166E6000000000000
00011CE7000000000000
0001D2E7000000000000
000188E8000000000000
00013EE9000000000000
0001F4E9000000000000
0001AAEA000000000000
000160EB000000000000
000116EC000000000000
0001CCEC000000000000
000182ED000000000000
000138EE000000000000
0001EEEE000000000000
0001A4EF000000000000
00015AF0000000000000
000110F1000000000000
0001C6F1000000000000
00017CF2000000000000
000132F3000000000000
0001E8F3000000000000
00019EF4000000000000
000154F5000000000000
00010BF6000000000000
0001C1F6000000000000
000177F7000000000000
00012DF8000000000000
0001E3F8000000000000
000199F9000000000000
00014FFA000000000000
000105FB000000000000
0001BBFB000000000000
000171FC000000000000
000127FD000000000000
0001DDFD000000000000
000193FE000000000000
000149FF000000000000
00010000000000000000
0001B600000000000000
00016C01000000000000
00012202000000000000
0001D802000000000000
00018E03000000000000
00014404000000000000
0001FA04000000000000
0001B005000000000000
00016606000000000000
00011C07000000000000
0001D207000000000000
00018908000000000000
00013F09000000000000
0001F509000000000000
0001AB0A000000000000
0001610B000000000000
0001170C000000000000
0001CD0C000000000000
0001830D000000000000
0001390E000000000000
0001EF0E000000000000
0001A50F000000000000
00015B10000000000000
00011111000000000000
0001C711000000000000
00017D12000000000000
00013313000000000000
0001E913000000000000
00019F14000000000000
00015515000000000000
00010B16000000000000
0001C116000000000000
00017717000000000000
00012D18000000000000
0001E318000000000000
00019A19000000000000
0001501A000000000000
0001061B000000000000
0001BC1B000000000000
0001721C000000000000
0001281D000000000000
0001DE1D000000000000
0001941E000000000000
00014A1F000000000000
00010020000000000000
0001B620000000000000
00016C21000000000000
00012222000000000000
0001D822000000000000
00018E23000000000000
00014424000000000000
0001FA24000000000000
00010000000000000000
00010000000000000000
00010000000000000000
00010000000000000000
00010000000000000000
00010000000000000000
00010000000000000000
00010000000000000000
00010000000000000000
00010000000000000000
00010000000000000000
00020100000000000000
00020100000000000000
00020100000000000000
00020100000000000000
00020100000000000000
00020200000000000000
00020200000000000000
00020200000000000000
00020200000000000000
00020100000000000000
00020100000000000000
00020100000000000000
00020000000000000000
00020000000000000000
00020000000000000000
00020000000000000000
00020300000000000000
00020300000000000000
00020300000000000000
00020300000000000000
00020300000000000000
00020100000000000000
00020100000000000000
00020100000000000000
00020100000000000000
00020100000000000000
00020200000000000000
00020200000000000000
00020200000000000000
00020200000000000000
00020100000000000000
00020100000000000000
00020100000000000000
00020000000000000000
00020000000000000000
00020000000000000000
00020000000000000000
00020300000000000000
00020300000000000000
00020300000000000000
00020300000000000000
00020300000000000000
00020100000000000000
00020100000000000000
00020100000000000000
00020100000000000000
00020100000000000000
00020200000000000000
00020200000000000000
00020200000000000000
00020200000000000000
00020100000000000000
00020100000000000000
00020100000000000000
00020000000000000000
00020000000000000000
00020000000000000000
00020000000000000000
00020300000000000000
00020300000000000000
00020300000000000000
00020300000000000000
00020300000000000000
00020100000000000000
00020100000000000000
00020100000000000000
00020100000000000000
00020100000000000000
00020200000000000000
00020200000000000000
00020200000000000000
00020200000000000000
00020100000000000000
00020100000000000000
00020100000000000000
00020000000000000000
00020000000000000000
00020000000000000000
00020000000000000000
00020300000000000000
00020300000000000000
00020300000000000000
00020300000000000000
00020300000000000000
00020100000000000000
00020100000000000000
00020100000000000000
00020100000000000000
00020100000000000000
00020200000000000000
00020200000000000000
00020200000000000000
00020200000000000000
00020100000000000000
00020100000000000000
00020100000000000000
00020000000000000000
00020000000000000000
00020000000000000000
00020000000000000000
00020300000000000000
00020300000000000000
00020300000000000000
00020300000000000000
00020300000000000000
00020100000000000000
00020100000000000000
00020100000000000000
00020100000000000000
00020100000000000000
00020200000000000000
>>>>>>> 746f8b27b419239ca70a4fc29cff1923842a79e5
